444444444444444444444444
4                   
4                                44
44          4	                44
44444    	 44444      444444
         	4444444444
4444	     	44
 4      4                 4444444444
                        444444444444
44 444444          4          4444444
44444  		4444444
44444444 		444444
4444444444    
   			44
          44444
              444444444444
44                     44444
	               444444444
	4	          4444444
    44444444444444444444444444444