333333333333333333333333
3                   
3                                33
33          3	                33
33333    	 33333      333333
3333333           	3333333333
3333	     	33333333333333
 3      3                 3333333333
                        333333333333
33    333           3          3333333
33     333    		3333333
33    3333   		333333
33     3333
   			33
 333            33333
              333333333333
                       33333
	3               333333333
	3	          3333333
    33333333333333333333333333333